{
  "nbformat": 4,
  "nbformat_minor": 0,
  "metadata": {
    "colab": {
      "provenance": [],
      "authorship_tag": "ABX9TyOwieJ1Or3zSIAN7EApmd0F",
      "include_colab_link": true
    },
    "kernelspec": {
      "name": "python3",
      "display_name": "Python 3"
    },
    "language_info": {
      "name": "python"
    }
  },
  "cells": [
    {
      "cell_type": "markdown",
      "metadata": {
        "id": "view-in-github",
        "colab_type": "text"
      },
      "source": [
        "<a href=\"https://colab.research.google.com/github/NahuelRepetto/Programacion-Concurrente/blob/main/TrabajoN1Parte2Cpp.ipynb\" target=\"_parent\"><img src=\"https://colab.research.google.com/assets/colab-badge.svg\" alt=\"Open In Colab\"/></a>"
      ]
    },
    {
      "cell_type": "code",
      "source": [
        "%%writefile Matrices.cpp\n",
        "#include <iostream>\n",
        "#include <cstdlib>\n",
        "#include <thread>\n",
        "#include <vector>\n",
        "#include <random>\n",
        "\n",
        "using namespace std;\n",
        "\n",
        "#define MAX_DIMENSION 20\n",
        "#define MIN_DIMENSION 5\n",
        "#define MAX_VALOR 32\n",
        "#define MIN_VALOR -32\n",
        "\n",
        "void inicializarMatriz(int n, int ***matriz, int min, int max)\n",
        "{\n",
        "  (*matriz) = (int**)malloc(n*sizeof(int*));    \n",
        "  random_device device;\n",
        "  mt19937 generador(device());\n",
        "  uniform_int_distribution<> distribucion(min, max);    \n",
        "  for(int i=0; i<n; i++)\n",
        "  {\n",
        "    (*matriz)[i] = (int*)malloc(n*sizeof(int));\n",
        "    for(int j=0; j<n; j++)          \n",
        "      (*matriz)[i][j] = distribucion(generador);         \n",
        "  }  \n",
        "}\n",
        "\n",
        "void calcularProducto(int n, int fila, int **matrizA, int **matrizB, int **matrizC)\n",
        "{\n",
        "  for(int i=0; i<n; i++)\n",
        "    for(int j=0; j<n; j++)\n",
        "      matrizC[fila][i] += matrizA[fila][j] * matrizB[j][i];       \n",
        "}\n",
        "\n",
        "void mostrarMatriz(int **matriz, int n, string nombre)\n",
        "{\n",
        "  cout<<endl<<\"Matriz \"<<nombre<<\":\"<<endl;\n",
        "  for(int i=0; i<n; i++)\n",
        "  {    \n",
        "    cout<<\"| \";\n",
        "    for(int j=0; j<n; j++)\n",
        "    {\n",
        "      if(matriz[i][j] < -999)\n",
        "        cout<<matriz[i][j]<<\" \";\n",
        "      else if (matriz[i][j] < -99 || matriz[i][j] > 999)\n",
        "        cout<<\" \"<<matriz[i][j]<<\" \";    \n",
        "      else if (matriz[i][j] < -9 || matriz[i][j] > 99)\n",
        "        cout<<\"  \"<<matriz[i][j]<<\" \"; \n",
        "      else if (matriz[i][j] < 0 || matriz[i][j] > 9)\n",
        "        cout<<\"   \"<<matriz[i][j]<<\" \";\n",
        "      else if (matriz[i][j] < 10)\n",
        "        cout<<\"    \"<<matriz[i][j]<<\" \";                                  \n",
        "    }       \n",
        "    cout<<\"  |\"<<endl;\n",
        "  }\n",
        "}\n",
        "\n",
        "void compararMatricesCuadradas(int n, int **matrizA, int **matrizB)\n",
        "{      \n",
        "  for(int i=0; i<n; i++)\n",
        "    for(int j=0; j<n; j++)\n",
        "    {\n",
        "      if(matrizA[i][j] != matrizB[i][j]) \n",
        "      {\n",
        "        cout<< endl <<\"Las matrices no son iguales, se encontro una diferencia en la posicion [\" << i <<\"][\" << j <<\"]\";   \n",
        "        return;\n",
        "      }         \n",
        "    } \n",
        "  cout<< endl <<\"Las matrices son iguales !!!\";   \n",
        "}\n",
        "\n",
        "void liberarMatriz(int n, int ***matriz)\n",
        "{       \n",
        "  for(int i=0; i<n; i++)  \n",
        "    free((*matriz)[i]);      \n",
        "  free(*matriz);\n",
        "}\n",
        "\n",
        "int main(int argc, char *argv[])\n",
        "{      \n",
        "  //VERIFICO QUE SE HAYA ENVIADO EL NUMERO DE FILAS/COLUMNAS\n",
        "  if( argc < 2 ) \n",
        "  {\n",
        "    cout<<\"Debe ingresar el numero de filas/columnas, dentro del rango de \" <<MIN_DIMENSION<< \" a \" << MAX_DIMENSION <<endl;\n",
        "    exit(1);\n",
        "  }\n",
        "\n",
        "  int n = atoi(argv[1]); //DIMENSIN DE LA MATRIZ    \n",
        "\n",
        "  //VERIFICO QUE SE HAYA ENVIADO EL NUMERO DENTRO DE LOS LIMITES ESTABLECIDOS\n",
        "  if( n < MIN_DIMENSION || n > MAX_DIMENSION ) \n",
        "  {\n",
        "    cout<<\"El numero de filas/columnas debe estar dentro del rango de \" <<MIN_DIMENSION<< \" a \" << MAX_DIMENSION <<endl; \n",
        "    exit(1);\n",
        "  }    \n",
        "\n",
        "  //CREO LAS Matrices\n",
        "  int **A, **B, **CS, **CH;   \n",
        "\n",
        "  //INICIALIZO LAS MATRICES, A Y B CON VALORES RANDOM, CS Y CH EN 0\n",
        "  inicializarMatriz(n, &A, MIN_VALOR, MAX_VALOR);\n",
        "  inicializarMatriz(n, &B, MIN_VALOR, MAX_VALOR);\n",
        "  inicializarMatriz(n, &CS, 0, 0);\n",
        "  inicializarMatriz(n, &CH, 0, 0);\n",
        "                \n",
        "  //CALCULO VALORES DE CS (SECUENCIAL)\n",
        "  for(int i=0; i<n; i++)\n",
        "    calcularProducto(n, i, A, B, CS);    \n",
        "    \n",
        "  //CALCULO VALORES DE CH (CON CONCURRENCIA)\n",
        "  //CREO UN VECTOR PARA ALMACENAR LAS REFERENCIAS A LOS HILOS CREADOS\n",
        "  vector<thread> hilos;\n",
        "\n",
        "  //CREO N HILOS\n",
        "  for(int i=0; i<n; i++)     \n",
        "    hilos.push_back(thread(calcularProducto, n, i, A, B, CH));                 \n",
        "           \n",
        "  //ESPERO A LOS N HILOS \n",
        "  for(int i=0; i<n; i++) \n",
        "    hilos[i].join();\n",
        "\n",
        "  //MUESTRO LOS RESULTADOS\n",
        "  mostrarMatriz(A,n,\"A\");    \n",
        "  mostrarMatriz(B,n,\"B\");\n",
        "  mostrarMatriz(CS,n,\"CS\"); \n",
        "  mostrarMatriz(CH,n,\"CH\"); \n",
        "\n",
        "  //COMPARO MATRICES\n",
        "  compararMatricesCuadradas(n, CS, CH);\n",
        "\n",
        "  //LIBRERO EL ESPACIO DE LAS MATRICES\n",
        "  liberarMatriz(n, &A);\n",
        "  liberarMatriz(n, &B);\n",
        "  liberarMatriz(n, &CS);\n",
        "  liberarMatriz(n, &CH);   \n",
        "\n",
        "  return 0;\n",
        "}"
      ],
      "metadata": {
        "colab": {
          "base_uri": "https://localhost:8080/"
        },
        "id": "kM0F0uaytv08",
        "outputId": "c66d7bbc-cbad-48b3-89ba-d1d002e4ab7a"
      },
      "execution_count": 17,
      "outputs": [
        {
          "output_type": "stream",
          "name": "stdout",
          "text": [
            "Overwriting Matrices.cpp\n"
          ]
        }
      ]
    },
    {
      "cell_type": "code",
      "source": [
        "!g++ -pthread -o Matrices Matrices.cpp"
      ],
      "metadata": {
        "id": "99ICz6zmRRYU"
      },
      "execution_count": 18,
      "outputs": []
    },
    {
      "cell_type": "code",
      "source": [
        "!./Matrices 10"
      ],
      "metadata": {
        "colab": {
          "base_uri": "https://localhost:8080/"
        },
        "id": "9dDmxBwFxIW0",
        "outputId": "e03cef98-e7f8-417b-e910-e1274dd58e05"
      },
      "execution_count": 19,
      "outputs": [
        {
          "output_type": "stream",
          "name": "stdout",
          "text": [
            "\n",
            "Matriz A:\n",
            "|   -25   -11    17    -8   -15   -31   -19    -8   -31    21   |\n",
            "|    23    19   -22   -24    20    20   -31    25   -13    20   |\n",
            "|    14     6    17   -24    28   -15    -7   -16    -8   -11   |\n",
            "|    11   -22     1   -32    31    16    31    25    30    21   |\n",
            "|   -13    30   -13    12   -23    15    -4    13    -7    30   |\n",
            "|   -20    13     1    18    -8    16    17   -19    15    25   |\n",
            "|    16   -28    -9    16   -17    18    -4    13    -6    30   |\n",
            "|    29     5   -21    -8     6   -31    30   -22   -17     4   |\n",
            "|   -22    -8   -17   -28    28    31     7   -11   -17    17   |\n",
            "|    -6     6    17     3    16     0   -24    11    26    -5   |\n",
            "\n",
            "Matriz B:\n",
            "|     3     4   -12    10     6    12    -1   -13   -28    14   |\n",
            "|    25    18    32    11   -29   -10   -11   -17    30    17   |\n",
            "|    27   -16   -30    -5   -20    17    27   -22    25    11   |\n",
            "|    22    28   -30   -23    14   -10   -25    18   -21    21   |\n",
            "|   -19   -23   -15    31    -8     1   -10    16   -17    14   |\n",
            "|    -2   -10    10   -30   -29   -12   -17   -15   -18   -27   |\n",
            "|     2   -28    24   -16    26     9    28    26   -26    17   |\n",
            "|    23     4     8    15    -6     7   -16    -4   -24     3   |\n",
            "|     9     2   -10    -9   -12    30   -32    -4    15    -1   |\n",
            "|    -2    27     9    28    31    -9     2    -6   -13   -31   |\n",
            "\n",
            "Matriz CS:\n",
            "|  -263   866  -428  1244  1313  -810  2112  -245  1724  -858   |\n",
            "|  -642   936  1378  2669 -1229  -942 -1578 -1524 -1069 -1420   |\n",
            "|  -811 -1455  -651  1627  -886   529  1248  -437  1100   960   |\n",
            "|  -950 -2278   622  1277   471  1693    26   349 -2315  -958   |\n",
            "|  1199  2371  1989   -12    61 -1425 -1029  -740   105 -1242   |\n",
            "|   490   819   697 -1196   486  -488  -388   281   359  -772   |\n",
            "|   -79  1325  -525  -385  1746  -469  -555  -100 -2572 -1692   |\n",
            "| -1190  -364  1032  1205  2428   -31  1760  1329 -1122  1350   |\n",
            "| -2361 -1513  1651   711   -96 -1214   494   467  -889 -2088   |\n",
            "|   802   161 -1369   523 -1793   829 -1526  -830  1253   246   |\n",
            "\n",
            "Matriz CH:\n",
            "|  -263   866  -428  1244  1313  -810  2112  -245  1724  -858   |\n",
            "|  -642   936  1378  2669 -1229  -942 -1578 -1524 -1069 -1420   |\n",
            "|  -811 -1455  -651  1627  -886   529  1248  -437  1100   960   |\n",
            "|  -950 -2278   622  1277   471  1693    26   349 -2315  -958   |\n",
            "|  1199  2371  1989   -12    61 -1425 -1029  -740   105 -1242   |\n",
            "|   490   819   697 -1196   486  -488  -388   281   359  -772   |\n",
            "|   -79  1325  -525  -385  1746  -469  -555  -100 -2572 -1692   |\n",
            "| -1190  -364  1032  1205  2428   -31  1760  1329 -1122  1350   |\n",
            "| -2361 -1513  1651   711   -96 -1214   494   467  -889 -2088   |\n",
            "|   802   161 -1369   523 -1793   829 -1526  -830  1253   246   |\n",
            "\n",
            "Las matrices son iguales !!!"
          ]
        }
      ]
    }
  ]
}